32,25,0,755,0.000608
32,25,0,1419,0.000598
32,25,0,1860,0.000732
32,25,0,2233,0.000764
32,25,0,2752,0.000854
32,25,0,3120,0.000853
32,25,0,3632,0.000854
32,50,0,4005,0.000859
32,25,0,4513,0.000857
32,50,0,4888,0.000858
32,50,0,5398,0.000858
32,50,0,5771,0.000857
32,50,0,6279,0.000855
32,50,0,6653,0.000856
32,50,0,7161,0.000855
32,75,0,7538,0.000858
32,50,0,8042,0.000853
32,75,0,8425,0.000859
32,75,0,8926,0.000859
32,75,0,9309,0.000859
32,75,0,9646,0.000692
32,75,0,10194,0.000858
32,100,0,11071,0.000852
32,100,0,11963,0.000862
32,100,0,12802,0.000809
32,100,0,13689,0.000851
32,75,0,16177,0.000861
32,75,0,17165,0.000863
32,100,0,18131,0.000859
32,100,0,19098,0.000862
32,100,0,20060,0.000856
64,25,0,20520,0.006807
32,100,0,21072,0.000860
64,25,0,27379,0.006821
64,25,0,33463,0.006869
64,25,0,34227,0.006816
64,25,0,40617,0.006813
64,25,0,41071,0.006807
64,25,0,47495,0.006640
64,50,0,47879,0.006774
128,25,0,51041,0.049531
64,25,0,54473,0.006761
64,50,0,54723,0.006806
64,50,0,60892,0.005752
64,50,0,61600,0.006534
64,50,0,66475,0.005535
64,75,0,68449,0.006811
64,50,0,73336,0.006800
64,75,0,75299,0.006810
64,75,0,80106,0.006738
64,75,0,82185,0.006854
64,75,0,86809,0.006666
64,75,0,89020,0.006808
64,75,0,92398,0.005546
64,100,0,95883,0.006831
64,75,0,98605,0.006163
64,100,0,102699,0.006778
64,100,0,105459,0.006813
128,25,0,109394,0.054022
64,100,0,109499,0.006766
64,100,0,112263,0.006762
64,100,0,116302,0.006769
64,100,0,119066,0.006773
64,50,0,122879,0.068015
64,100,0,124109,0.004998
128,25,0,127195,0.054123
64,50,0,130413,0.075569
128,25,0,151806,0.042378
128,50,0,193665,0.038597
128,50,0,199194,0.038952
128,50,0,232371,0.038666
128,50,0,247808,0.038808
128,50,0,293680,0.038623
128,50,0,298926,0.038653
128,75,0,340261,0.040262
128,75,0,343353,0.039041
128,75,0,400543,0.038807
128,75,0,405727,0.039113
128,75,0,439359,0.038774
128,75,0,457420,0.039013
128,100,0,500587,0.038807
128,100,0,506517,0.038878
128,100,0,539288,0.038663
128,100,0,555270,0.038882
128,50,0,577789,0.339004
128,75,0,595222,0.254814
128,50,0,599252,0.295182
128,100,0,611875,0.172395
128,75,0,627255,0.233983
128,100,0,628585,0.089234
128,100,0,733941,0.123920
128,100,0,754440,0.211441
256,100,4,228898,2.423996
256,100,4,247465,2.342526
256,100,4,271971,2.266961
256,100,4,290173,2.184782
128,25,4,290803,4.238224
256,100,4,359224,2.278038
256,100,4,409746,2.230797
256,100,4,473249,2.103192
128,25,4,514731,3.954215
256,75,5,207502,3.717004
256,75,5,236293,3.643040
256,75,5,266080,3.568003
256,50,5,338753,4.230485
256,50,5,367380,4.153973
256,50,5,393960,4.080389
256,75,5,418271,3.599396
128,25,5,435211,5.114583
256,75,5,491720,3.702236
256,75,5,578181,3.600316
256,75,5,615952,3.586549
256,50,5,658678,4.242215
256,50,5,689200,4.178875
256,50,5,717677,4.113846
256,50,5,738817,4.040891
256,100,5,761518,3.452859
256,75,5,776330,3.890509
128,25,5,793167,5.147720
256,50,5,868885,4.395382
256,25,5,972088,5.097538
256,25,6,4518,5.030009
256,25,6,36535,4.961911
256,25,6,80404,5.237568
256,25,6,331143,5.149096
256,25,6,349369,5.159557
256,25,6,392006,5.105739
256,25,6,430272,5.045354
